"5138_b6" 1 756 "Kiefer" 1 -5.57053738898999 7.69539558423507 0.4465 30 2.91597325090612 3.58830031202214
"5138_b6" 1 757 "Kiefer" 1 -8.88241325797983 11.2068164397595 0.2755 24.6 1.53191057180241 1.88511852126232
"5138_b6" 1 758 "Kiefer" 1 -17.041765445085 12.6102430791284 0.4375 27.2 2.64891487216936 3.25966709721077
"5138_b6" 1 759 "Kiefer" 1 -30.8681269167516 19.6651656654938 0.38 25.4 2.83264452411523 3.48575873477988
"5138_b6" 1 760 "Kiefer" 1 -29.1047877887036 14.0071884321777 0.4525 24.8 2.93232416352626 3.60842120470813
"5138_b6" 1 761 "Kiefer" 1 -33.3557808490597 9.56461624684988 0.441 26.4 3.87333512621875 4.76639819575098
"5138_b6" 1 762 "Kiefer" 1 -29.8799189739818 1.09564689032604 0.2715 24.2 1.29194620631046 1.58982630371492
"5138_b6" 1 763 "Kiefer" 1 -29.2421831429484 -1.8397622222089 0.305 28.1 2.20626947583472 2.71496230155148
"5138_b6" 1 764 "Kiefer" 1 -26.1999205598129 -2.29219603426341 0.318 27.3 2.1145034878193 2.60203810949094
"5138_b6" 1 765 "Kiefer" 1 -27.0009575267736 2.31479861702265 0.33 28.2 1.74712621181184 2.14995577515616
"5138_b6" 1 766 "Kiefer" 1 -24.5241075939826 5.79725337714024 0.3525 26.5 2.08620468794411 2.56721454161684
"5138_b6" 1 767 "Kiefer" 1 -21.2771358881299 8.46720074157068 0.473 29.6 3.12211066427825 3.84196620024413
"5138_b6" 1 768 "Kiefer" 1 -17.3586366073843 7.47580999844004 0.324 25.2 2.32519354033164 2.86130632497785
"5138_b6" 1 769 "Kiefer" 1 -16.759076044365 -1.17190875890131 0.358 30 3.32095618760621 4.08665892956879
"5138_b6" 1 770 "Kiefer" 1 -20.488729426806 -0.679681156964787 0.3765 27.8 2.38880200100385 2.93958079447321
"5138_b6" 1 771 "Kiefer" 1 -20.5179570631405 -4.47363811177451 0.398 30.1 2.42953699292684 2.98970792927531
"5138_b6" 1 772 "Kiefer" 1 -13.7256625429292 -5.79794685708908 0.289 27 2.7626300874348 3.3996012829211
"5138_b6" 1 773 "Kiefer" 1 -5.71675384340743 -5.87866698273396 0.4385 30.5 2.83045049417933 3.48305883405166
"5138_b6" 1 774 "Kiefer" 1 -10.5742950649782 -10.2114780457473 0.348 28.2 2.20443870406959 2.71270941432283
"5138_b6" 1 775 "Kiefer" 1 -14.2405209198199 -14.0430610599033 0.299 27.2 1.84241010635526 2.26720898672612
"5138_b6" 1 776 "Kiefer" 1 -20.7918011206644 -15.610925858473 0.301 26.8 2.27592288973067 2.8006754907032
"5138_b6" 1 777 "Kiefer" 1 -28.0954640261717 -18.2454076730034 0.349 29.5 2.36963077292645 2.91598931479464
"5138_b6" 1 778 "Kiefer" 1 -23.5086691274485 -25.3870533117995 0.308 26.5 2.29136967772553 2.8196837975059
"5138_b6" 1 779 "Kiefer" 1 -17.9550777105172 -26.1248001793179 0.3665 22.2 2.46399066556673 3.03210548016012
"5138_b6" 1 780 "Kiefer" 1 -12.2852919697516 -26.7101404192856 0.321 23.8 1.73560508180865 2.1357782533382
"5138_b6" 1 781 "Kiefer" 1 -9.09034031499498 -27.0113996852732 0.4455 23 3.33985403872684 4.10991400059924
"5138_b6" 1 782 "Kiefer" 1 -15.706044868425 -20.4685161795139 0.4155 30.6 2.4266643772883 2.98617298340812
"5138_b6" 1 783 "Kiefer" 1 -10.567114472995 -21.1020399894091 0.314 23.2 1.67793027268716 2.0648055393388
"5138_b6" 1 784 "Kiefer" 1 -10.9693287696273 -17.554595590438 0.318 25.2 1.59836635349972 1.96689680990952
"5138_b6" 1 785 "Kiefer" 1 -6.6687315861298 -16.1795555882155 0.3005 26.8 1.82664309595498 2.2478066248144
"5138_b6" 1 786 "Kiefer" 1 -4.14295690548404 -18.235292925514 0.292 25.5 1.66014306612412 2.04291719079503
"5138_b6" 1 787 "Kiefer" 1 -4.79935165800401 -13.2580625908469 0.385 25.2 2.66812199870995 3.28330275235172
"5138_b6" 1 788 "Kiefer" 1 0.0579448134927124 -16.5998988671193 0.301 25 2.26002212378552 2.78110853363847
"5138_b6" 1 790 "Kiefer" 1 -2.04829631246982 -22.5069874087209 0.359 27.4 2.83119232833095 3.48397171064163
"5138_b6" 1 791 "Kiefer" 1 -0.481686417669028 -27.5957963863164 0.3 27.1 1.97099594114245 2.42544246535803
"5138_b6" 1 792 "Kiefer" 1 -4.34041160466386 -33.4193181723102 0.315 27 1.6871055094451 2.07609628245901
"5138_b6" 1 793 "Kiefer" 1 -1.40702196530111 -33.5705270913216 0.411 28.8 2.26144865075464 2.78286397058112
"5138_b6" 1 794 "Kiefer" 1 2.63022612702431 -31.992060116859 0.341 27.8 2.63331540078282 3.24047090327233
"5138_b6" 1 795 "Kiefer" 1 10.5360177166318 -27.4472645390177 0.398 27.7 2.3338433966314 2.87195055226962
"5138_b6" 1 796 "Kiefer" 1 16.0426465320075 -22.8263771161582 0.408 26 2.79696263829176 3.44184978534281
"5138_b6" 1 797 "Kiefer" 1 17.7964169556604 -19.9042091915324 0.3475 27.4 1.9670536342459 2.42059119278118
"5138_b6" 1 798 "Kiefer" 1 20.6423425236132 -19.7952947726936 0.343 27.6 2.11827170117528 2.60667514831042
"5138_b6" 1 799 "Kiefer" 1 11.8615203868468 -21.665510243528 0.404 25.4 2.02736898466954 2.49481326963926
"5138_b6" 1 800 "Kiefer" 1 11.7583169451964 -16.7926169079243 0.377 26 1.82456159117745 2.24524519382721
"5138_b6" 1 801 "Kiefer" 1 12.725268230034 -13.838625237851 0.3555 30 1.72691922219888 2.12508972156302
"5138_b6" 1 802 "Kiefer" 1 6.00873349423341 -9.80536189007206 0.4075 26.8 2.44412049621127 3.0076539064442
"5138_b6" 1 803 "Kiefer" 1 2.37002870055978 -6.69275458675447 0.3725 28.2 2.40390827612037 2.95817007738149
"5138_b6" 1 804 "Kiefer" 1 9.24774038090464 -5.38231342894352 0.329 25.4 2.2223354832248 2.73473259927725
"5138_b6" 1 805 "Kiefer" 1 12.4443054481924 -8.55273417756497 0.352 29.3 2.23338868090621 2.74833429904481
"5138_b6" 1 806 "Kiefer" 1 16.0244374704448 -10.2086925585897 0.371 29.2 2.13572587192271 2.62815367398606
"5138_b6" 1 807 "Kiefer" 1 23.032091979944 -14.28050205796 0.3225 27.5 1.79548043709755 2.20945888672495
"5138_b6" 1 808 "Kiefer" 1 25.4319872267309 -18.0735725770916 0.3885 26.7 3.01103802699335 3.7052838836616
"5138_b6" 1 809 "Kiefer" 1 29.8467296847506 -13.6019383591246 0.3255 29.4 2.28382902162136 2.81040451531666
"5138_b6" 1 810 "Kiefer" 1 31.0097494669169 -7.04524222429906 0.4195 28.8 2.46260532769667 3.0304007291615
"5138_b6" 1 811 "Kiefer" 1 26.4089316793575 -4.56161457764967 0.4165 30.6 3.31761586082536 4.08254843382736
"5138_b6" 1 812 "Kiefer" 1 26.2393030842401 -10.6013665936703 0.3975 29.3 2.19704346793594 2.70360908114331
"5138_b6" 1 813 "Kiefer" 1 21.006397668974 -6.86594909483917 0.4165 28.6 3.50520327513256 4.31338730626241
"5138_b6" 1 814 "Kiefer" 1 15.6328777614979 -1.45021822291102 0.3425 28.7 2.33623093892706 2.87488858291232
"5138_b6" 1 815 "Kiefer" 1 12.4967826165337 -0.283591669659765 0.3605 29.6 2.25961279868919 2.78060483170279
"5138_b6" 1 816 "Kiefer" 1 7.69981235643154 -0.0537557042943053 0.341 25.5 2.36284256775605 2.90763597385661
"5138_b6" 1 817 "Kiefer" 1 0.996345296190906 0.0854169231373675 0.311 28.7 2.00113093024919 2.46252558701593
"5138_b6" 1 818 "Kiefer" 1 4.79706733079246 3.26008359154236 0.3305 27.2 2.36703928991472 2.91280032144682
"5138_b6" 1 819 "Kiefer" 1 8.88555741126183 6.81812800489767 0.418 32 3.43244810594421 4.22385719955836
"5138_b6" 1 820 "Kiefer" 1 10.8813501439736 2.65258723593493 0.3905 29 2.09555481913502 2.57872050404614
"5138_b6" 1 821 "Kiefer" 1 17.3437871531772 4.0041287673208 0.2765 29.6 1.48215215143385 1.82388745363207
"5138_b6" 1 822 "Kiefer" 1 21.1065118728967 3.5320187654185 0.3585 30.4 2.15621775338207 2.65337030606995
"5138_b6" 1 823 "Kiefer" 1 25.8037796091529 5.57897462642226 0.3545 29 2.36935117701028 2.91564525330062
"5138_b6" 1 824 "Kiefer" 1 28.4476995051266 5.63279618537919 0.3815 27.8 2.48510060158538 3.05808266975845
"5138_b6" 1 825 "Kiefer" 1 25.8429000928938 11.7772880914372 0.2975 27.4 2.10311079118529 2.58801863353247
"5138_b6" 1 826 "Kiefer" 1 28.7532952530394 13.3468352837495 0.3415 27.8 2.63504743790316 3.2426022909102
"5138_b6" 1 827 "Kiefer" 1 25.2443736421049 22.0220707341022 0.3305 28.6 1.70975144392394 2.10396362099897
"5138_b6" 1 828 "Kiefer" 1 17.6118344475716 27.433251491417 0.2895 25.4 2.35873906992698 2.90258634504542
"5138_b6" 1 829 "Kiefer" 1 15.2545119448947 28.8107595408914 0.278 29.3 1.36569579335956 1.68058010817371
"5138_b6" 1 830 "Kiefer" 1 19.1429766971709 17.297006769137 0.3955 24.4 2.79906234299988 3.44443361256309
"5138_b6" 1 831 "Kiefer" 1 22.0979626797657 8.83855448609559 0.3635 30.7 1.98394808399817 2.4413809442985
"5138_b6" 1 832 "Kiefer" 1 16.000621724919 18.0219339810146 0.3495 28 2.88974912405904 3.55602976821018
"5138_b6" 1 833 "Kiefer" 1 8.68039407865975 13.6781123931326 0.318 27.3 2.1260997154414 2.61630804395681
"5138_b6" 1 834 "Kiefer" 1 9.98396137037309 16.165411079057 0.2735 27.2 1.85818459793423 2.28662055472909
"5138_b6" 1 835 "Kiefer" 1 11.8610241982133 22.1207166468313 0.3965 26.9 1.92152933883404 2.36457049938826
"5138_b6" 1 836 "Kiefer" 1 14.3278009324229 23.9400108696897 0.261 27.4 1.70778365140319 2.10154212055687
"5138_b6" 1 837 "Kiefer" 1 8.37436054756107 25.7736315915987 0.2745 25.6 1.83806963959476 2.26186775177954
"5138_b6" 1 838 "Kiefer" 1 4.69682814953271 20.6731663112779 0.3515 29.6 2.15213847138143 2.64835047645692
"5138_b6" 1 839 "Kiefer" 1 2.06234768730144 23.1081527175299 0.357 29.4 2.18030961104151 2.68301694988937
"5138_b6" 1 840 "Kiefer" 1 3.76913998380507 25.2199045157289 0.301 29.3 1.85074984803457 2.27747159721501
"5138_b6" 1 841 "Kiefer" 1 3.28355980428961 30.725042473716 0.292 25.5 2.3862418150724 2.93643031427802
"5138_b6" 1 842 "Kiefer" 1 -1.68998446020002 25.4439374414473 0.436 30.6 2.30259093197207 2.83349230212837
"5138_b6" 1 843 "Kiefer" 1 -3.46108935270618 28.1883107066135 0.321 30.4 1.92074204410691 2.3636016805165
"5138_b6" 1 844 "Kiefer" 1 -11.9933425823389 23.7427827708265 0.283 24.6 1.58516560649038 1.95065240691377
"5138_b6" 1 845 "Kiefer" 1 -18.6280997276669 24.2766122129118 0.3985 30.2 2.84408157407624 3.49983279047671
"5138_b6" 1 846 "Kiefer" 1 -8.35492632969811 20.7835320873358 0.5215 29.6 3.55563637060935 4.37544860678338
"5138_b6" 1 847 "Kiefer" 1 -8.1812200047533 15.5829278132777 0.33 26.2 1.89334360325853 2.32988606470466
"5138_b6" 1 848 "Kiefer" 1 -4.85573418866713 16.0829675585387 0.312 25.5 1.29015502944414 1.58762214066016
"5138_b6" 1 849 "Kiefer" 1 -1.05101243169049 14.6623795090849 0.2885 26.8 1.89113061420939 2.32716283351828
"5138_b6" 1 850 "Kiefer" 1 -1.25391604176756 11.7331877407718 0.324 28.6 1.520435792791 1.87099803744298
"5138_b6" 1 851 "Kiefer" 1 -0.362903905034031 7.99176455832572 0.3045 26.9 2.02389476010982 2.49053800371637
"5138_b6" 1 852 "Kiefer" 1 -1.02116638462068 5.40437038098988 0.3025 25.2 2.63476279767269 3.24225202204971
