"5138_b6" 1 0 "Kiefer" 1 -3.98510756266565 4.21413309163166 2.36027156913032 93.5 0.0139227413165948 0.0171328653289313
"5138_b6" 1 1 "Kiefer" 1 -3.56465945584722 4.18846069145205 2.48456929581978 85 0.0146564500616455 0.0180357430621138
"5138_b6" 1 2 "Kiefer" 1 -3.18879366460267 3.72042940594091 3.34674639858068 110.5 0.0197471224539688 0.024300156265527
"5138_b6" 1 3 "Kiefer" 1 -4.22631697911556 2.4795654441937 9.52 197.5 0.0562674376652086 0.0692408491977812
"5138_b6" 1 4 "Trauben-Eiche" 2 -3.95909426258715 1.40198880878184 20.63 345 0.122305658568235 0.150505301331586
"5138_b6" 1 5 "Kiefer" 1 -4.95607770125771 -0.661281951285616 3.07657722345511 103.5 0.0181516645381517 0.0223368384829083
"5138_b6" 1 6 "Trauben-Eiche" 2 -4.94888115453894 -0.713144668527559 18.325 303 0.108571614972436 0.13360464118156
"5138_b6" 1 7 "Kiefer" 1 -4.30019811142166 -1.63349202707743 6.20681575578204 146.5 0.0366515617542017 0.0451022005904316
"5138_b6" 1 8 "Kiefer" 1 -3.93051061861091 -2.38978791464574 6.96770830127119 169.5 0.0411533028494835 0.0506418944034056
"5138_b6" 1 9 "Trauben-Eiche" 2 -2.23714274994806 -4.01935222596314 28.82 308 0.171244659343342 0.210728018291283
"5138_b6" 1 10 "Kiefer" 1 4.48581929151905 -4.56480287458676 5.65 161 0.0333584142447681 0.0410497621011679
"5138_b6" 1 11 "Kiefer" 1 4.88408980372346 -4.58646560972221 9.81 189 0.0579860987352309 0.0713557767102009
"5138_b6" 1 12 "Trauben-Eiche" 2 2.20603203737278 -2.97042465820712 11.27 208.5 0.0666428282351027 0.082008461934878
"5138_b6" 1 13 "Trauben-Eiche" 2 3.61884247385441 -2.13166112443496 22.4 280 0.132863717625742 0.163497699872495
"5138_b6" 1 14 "Kiefer" 1 2.27823524496488 -2.10229497659102 6.77 166 0.0399834010905163 0.0492022519631217
"5138_b6" 1 15 "Kiefer" 1 2.21210888450253 -1.3662262927879 8.56 192.5 0.0505800306859601 0.0622421141332903
"5138_b6" 1 16 "Kiefer" 1 2.31455329198893 -1.18441675880714 9.88 205 0.0584009889889191 0.0718663269446044
"5138_b6" 1 17 "Kiefer" 1 2.74276186570279 -1.21542476033959 9.2 170 0.0543713018895298 0.0669075271779752
"5138_b6" 1 18 "Kiefer" 1 2.64102344225328 -0.930051169274369 2.22444306085381 92 0.0131210258188436 0.0161463007334435
"5138_b6" 1 19 "Kiefer" 1 3.52592194367704 -1.66669566721005 6.9 160.5 0.0407526373556312 0.0501488486883396
"5138_b6" 1 20 "Kiefer" 1 3.64818533716087 -0.617044362849578 2.02146143276546 60.5 0.0119230570717111 0.0146721199851144
"5138_b6" 1 21 "Kiefer" 1 1.39999147072091 0.00488691198131332 12.86 240 0.07607825822799 0.0936193902508424
"5138_b6" 1 22 "Kiefer" 1 2.09263500442396 -0.175723470997862 6.66095322260879 132 0.0393381917189233 0.048408278634084
"5138_b6" 1 23 "Kiefer" 1 3.19403135494997 0.195355326511542 7.58451367513767 129 0.0448039508495054 0.0551342611812871
"5138_b6" 1 24 "Kiefer" 1 3.25378692233267 0.550336864163137 6.62 168 0.039095889167764 0.0481101091225295
"5138_b6" 1 25 "Kiefer" 1 3.58789459254493 0.294978631068148 3.75 143 0.0221289397150699 0.027231141869916
"5138_b6" 1 26 "Kiefer" 1 2.84163083323809 0.961838971757029 8 186 0.0472637625132298 0.0581612241198926
"5138_b6" 1 27 "Kiefer" 1 2.85144664169739 1.21624506147104 3.21493269769528 112.5 0.0189686797075861 0.0233422303487278
"5138_b6" 1 28 "Kiefer" 1 4.54707187931994 0.695799773137209 3.24 147.5 0.0191167135253359 0.0235243958724535
"5138_b6" 1 29 "Kiefer" 1 5.09474990593264 0.231351239459194 4.2 172.5 0.024787489722609 0.0305026656462793
"5138_b6" 1 30 "Trauben-Eiche" 2 4.21880683342005 1.24966751669726 11.65 247 0.068897088028405 0.0847824795350642
"5138_b6" 1 31 "Kiefer" 1 4.40235928946747 1.6459746919195 1.92368106047216 74.5 0.0113460190807442 0.0139620361040666
"5138_b6" 1 32 "Kiefer" 1 4.62273016806157 1.90535188175137 2.74275098409998 104.5 0.016180614277651 0.0199113291739432
"5138_b6" 1 33 "Trauben-Eiche" 2 4.94078220638905 2.17914460030291 4.84 159 0.028569674433771 0.0351568971537085
"5138_b6" 1 34 "Trauben-Eiche" 2 4.78767705217549 2.27335620703667 12.46 270 0.0737037901389899 0.0906974482947569
"5138_b6" 1 35 "Eberesche" 5 3.99099366288245 1.85255757881696 2.11945517638159 58 0.0125013854812994 0.0153837918126705
"5138_b6" 1 36 "Trauben-Eiche" 2 3.60010266294887 2.16315991462223 5.96105493579909 135 0.0351979463917051 0.0433134295661481
"5138_b6" 1 37 "Kiefer" 1 4.00265194592241 2.64929752949788 9.6 203 0.0567415237105757 0.0698242438170519
"5138_b6" 1 38 "Kiefer" 1 4.03487235304571 2.20902808823867 3.1 143.5 0.0182899760681153 0.022507040080598
"5138_b6" 1 39 "Kiefer" 1 4.22072960607489 2.0677140983228 11.71 191 0.0692530667689363 0.0852205352083542
"5138_b6" 1 40 "Kiefer" 1 4.68593344819221 2.6836593895488 2.95929423934518 105 0.017459135213106 0.0214846347830376
"5138_b6" 1 41 "Kiefer" 1 4.37832096082755 2.98668805936913 1.75559529178883 60 0.010354155811269 0.0127414819449243
"5138_b6" 1 42 "Kiefer" 1 4.15290465224592 3.12943812039065 2.92829783671543 87.5 0.0172761159943016 0.0212594173810132
"5138_b6" 1 43 "Kiefer" 1 4.05823811815931 3.25126181294567 4.70288640390032 133 0.0277592669377906 0.0341596364724632
"5138_b6" 1 44 "Kiefer" 1 3.88960848144801 3.29862787550334 6.73 172 0.0397467240805 0.0489110050565782
"5138_b6" 1 45 "Kiefer" 1 4.0481189517636 3.42092574493694 3.68487938966605 114 0.0217442690006684 0.0267577788018275
"5138_b6" 1 46 "Kiefer" 1 4.03184618434111 3.59224391513355 1.84292073353421 96.5 0.0108694461227673 0.0133755811723286
"5138_b6" 1 47 "Kiefer" 1 4.12777961019356 3.93083139929332 6.00865081830347 138 0.0354794490817841 0.0436598374731245
"5138_b6" 1 48 "Kiefer" 1 3.68967837787632 3.94287629375206 13.19 227 0.078037586627623 0.0960304750252216
"5138_b6" 1 49 "Kiefer" 1 3.70987920487808 3.352133094794 4.84 157 0.028569674433771 0.0351568971537085
"5138_b6" 1 50 "Kiefer" 1 3.26486662153999 2.79832913424316 6.05262353579307 138 0.0357395293585648 0.0439798836662893
"5138_b6" 1 51 "Trauben-Eiche" 2 2.21240784256404 2.44852027521953 22.71 303 0.134713919056248 0.165774496605224
"5138_b6" 1 52 "Kiefer" 1 2.01754311270492 1.94152511917228 6.11 154 0.0360788966725049 0.0443974978670105
"5138_b6" 1 53 "Trauben-Eiche" 2 1.25320762272892 1.55867592986295 13.65 231 0.0807693633465964 0.0993921091725929
"5138_b6" 1 54 "Trauben-Eiche" 2 1.14344854398889 1.51740746908986 14.24 231 0.0842741725723881 0.103705011574759
"5138_b6" 1 55 "Trauben-Eiche" 2 0.886142381648359 1.79297286076688 12.42 210 0.0734663719858859 0.0904052893620238
"5138_b6" 1 56 "Kiefer" 1 0.793908878127221 2.58064113995549 4.78330444766867 104.5 0.0282345689464026 0.0347445274159166
"5138_b6" 1 57 "Trauben-Eiche" 2 1.15976200890337 3.72356711806091 17.77 262 0.105267303837464 0.129538465103658
"5138_b6" 1 58 "Trauben-Eiche" 2 0.811117662229551 3.40471557373289 7.56 193 0.0446588396295562 0.0549556921098253
"5138_b6" 1 59 "Trauben-Eiche" 2 1.07559811631353 3.54021026101315 2.1025444806578 76 0.0124015816145111 0.0152609764726374
"5138_b6" 1 60 "Kiefer" 1 0.881886641058248 3.17998049558846 8.9 177 0.0525939774394933 0.0647204104488869
"5138_b6" 1 61 "Kiefer" 1 0.263050089137981 1.47675476996166 5.6490888249584 117.5 0.0333530261553144 0.0410431316963581
"5138_b6" 1 62 "Kiefer" 1 0.362530320791121 3.98353759446388 5.74011511674481 115.5 0.0338913090863663 0.0417055248814977
"5138_b6" 1 63 "Kiefer" 1 2.21606690086789 4.03101072820177 7.33 171 0.0432974262959407 0.0532803818550809
"5138_b6" 1 64 "Kiefer" 1 2.47834561103157 3.87528102623288 8.79 176 0.0519423652382905 0.0639185580093397
"5138_b6" 1 65 "Kiefer" 1 1.86733187633958 2.59866728605378 6.91 115 0.040811811655463 0.0502216666260501
"5138_b6" 1 66 "Kiefer" 1 1.91328861038077 3.73889377936673 5.70186476041098 167.5 0.0336651127567029 0.0414271751538185
"5138_b6" 1 67 "Kiefer" 1 1.89670798365161 3.40771166983831 3.66 151 0.0215973088426352 0.0265769344882655
"5138_b6" 1 68 "Kiefer" 1 1.77499669931094 3.80649270555393 4.86564231358843 131 0.0287212396718922 0.0353434083266327
"5138_b6" 1 69 "Kiefer" 1 1.65743135519297 4.50476650924587 4.82 149.5 0.0284514609722364 0.0350114275748027
"5138_b6" 1 70 "Kiefer" 1 2.03169389823415 3.90284766598418 1.68183849303033 66 0.00991895074603481 0.0122059329748203
"5138_b6" 1 71 "Trauben-Eiche" 2 0.835499769235097 4.42175758444627 15.33 297 0.0907521406134939 0.111676584954572
"5138_b6" 1 72 "Kiefer" 1 -0.0157079313685069 4.49997258446006 3.63592928357389 94 0.0214551273579424 0.0264019706521848
"5138_b6" 1 73 "Kiefer" 1 -0.0715548663928626 4.0993755501412 1.86646073306031 73 0.0110083552940838 0.0135465182077157
"5138_b6" 1 74 "Kiefer" 1 -0.214577420596072 4.09438109249375 4.11707868180287 129 0.0242975502274902 0.0298997622956877
"5138_b6" 1 75 "Kiefer" 1 -0.161228798167582 4.19690424892461 5.87 182 0.0346594285689064 0.0426507473309878
"5138_b6" 1 76 "Kiefer" 1 -0.170560118263381 4.2465761792364 2.21 133.5 0.0130357804908611 0.0160414006501169
"5138_b6" 1 77 "Kiefer" 1 -0.62160503420848 4.65871303918225 5.05 163 0.0298109944205068 0.0366844245047701
"5138_b6" 1 78 "Kiefer" 1 -0.922321676776818 4.30224624173787 7.15 175.5 0.0422320925416393 0.0519694173454512
"5138_b6" 1 79 "Kiefer" 1 -1.15612718777789 3.82927799012827 2.80280087946686 78 0.0165351473018888 0.0203476057965423
"5138_b6" 1 80 "Kiefer" 1 -1.25683621139899 3.69193211445122 5.49 170.5 0.032412321001781 0.0398855310239597
"5138_b6" 1 81 "Trauben-Eiche" 2 -1.54798627491622 4.0117001997496 10.96 238 0.0648041750903889 0.0797458761409834
"5138_b6" 1 82 "Kiefer" 1 -1.58859156253912 3.67101850273593 2.96618511964432 115 0.0174998230542131 0.0215347038956041
"5138_b6" 1 83 "Kiefer" 1 -1.67115525997606 4.17818622096411 2.4862743512354 85 0.0146665150691221 0.0180481287276742
"5138_b6" 1 84 "Kiefer" 1 -1.7220754456429 4.15745789630079 1.91357802769449 77.5 0.0112863991378392 0.0138886697727182
"5138_b6" 1 85 "Trauben-Eiche" 2 -1.96970954795476 4.59567669627617 7.79227186157588 122 0.046033875360982 0.0566477656371061
"5138_b6" 1 86 "Kiefer" 1 -2.11967705693282 3.3921923846257 1.38803926137628 58.5 0.00818555195652672 0.010072869711871
"5138_b6" 1 87 "Kiefer" 1 -2.84455804455248 2.20646539315072 13.5 249 0.0798784908804938 0.0982958309584171
"5138_b6" 1 88 "Kiefer" 1 -2.5855676284737 1.8854283435307 3.97 177 0.0234285928888977 0.0288304521131487
"5138_b6" 1 89 "Kiefer" 1 -2.47577008114661 1.86562657177135 3.62544644476734 115 0.0213932076641906 0.0263257743234494
"5138_b6" 1 90 "Kiefer" 1 -2.49586236639145 1.664533282344 3.14570421828677 121 0.0185598646883847 0.0228391560971022
"5138_b6" 1 91 "Kiefer" 1 -2.35208507506905 1.69637725746292 6.17741130436134 155.5 0.0364776312312504 0.04488816743715
"5138_b6" 1 92 "Kiefer" 1 -1.9502887810392 1.71941084984149 13.25 212 0.0783938662540123 0.0964689009587046
"5138_b6" 1 93 "Kiefer" 1 -2.03152025401846 1.77846154232044 4.21 145 0.0248465761012485 0.0305753753910763
"5138_b6" 1 94 "Kiefer" 1 -1.92577621271629 1.8924550136096 3.35195708718552 139.5 0.0197778960075086 0.0243380251834722
"5138_b6" 1 95 "Kiefer" 1 -2.09094593276834 2.42238417808562 5.52010394499661 137 0.0325903217534391 0.0401045728661702
"5138_b6" 1 96 "Kiefer" 1 -1.43492307243159 1.79749708656328 4.39 160 0.0259101866001807 0.0318842193196009
"5138_b6" 1 97 "Kiefer" 1 -1.45885302839029 2.03020881722952 8.9 209 0.0525939774394933 0.0647204104488869
"5138_b6" 1 98 "Kiefer" 1 -1.76942097531368 2.29763996573005 5.3 157 0.0312889435490541 0.0385031398573445
"5138_b6" 1 99 "Kiefer" 1 -1.43492307243159 1.79749708656328 2.78048756243225 95 0.0164034086860753 0.0201854926097762
"5138_b6" 1 100 "Kiefer" 1 -1.2927917690599 1.90228532083149 6.67 165.5 0.039391718334497 0.0484741467181979
"5138_b6" 1 101 "Trauben-Eiche" 2 -0.691747026977885 2.81628941173794 17.81 299 0.105505418847426 0.129831481565409
"5138_b6" 1 102 "Trauben-Eiche" 2 -0.634394861462015 2.41816938193969 3.96730752288006 101 0.0234126860888336 0.0288108777306965
"5138_b6" 1 103 "Trauben-Eiche" 2 -0.796857935010911 1.94294040861014 15.9 288 0.0941412424573657 0.115847101676583
"5138_b6" 1 104 "Weymouths-Kiefer" 7 -0.677802198707287 1.77498850120996 3.48240982879869 76.5 0.0205483593527429 0.0252861319129311
"5138_b6" 1 105 "Kiefer" 1 -0.324659420907154 1.4644440106799 5.25 153.5 0.0309933374416423 0.0381393767511049
"5138_b6" 1 106 "Kiefer" 1 -1.18852870505084 1.85132372027967 2.64683276570161 96 0.0156143399625726 0.019214490716713
"5138_b6" 1 107 "Trauben-Eiche" 2 -2.76577915716986 0.872046818562393 26.7 313 0.158555736500973 0.195113449200038
"5138_b6" 1 108 "Trauben-Eiche" 2 -2.04534953128601 0.475967745617397 7.17 187 0.0423504577486392 0.0521150736573115
"5138_b6" 1 109 "Trauben-Eiche" 2 -1.89997395527011 0.00994833127969792 14.36 254 0.0849871538468898 0.10458238276771
"5138_b6" 1 110 "Trauben-Eiche" 2 -2.99115825668076 0.230157084380454 21.22 310 0.125823878055291 0.154834705958067
"5138_b6" 1 111 "Trauben-Eiche" 2 -2.7377930629241 -0.586931976130702 15 254 0.0887905125862311 0.109262670334433
"5138_b6" 1 112 "Trauben-Eiche" 2 -0.539417915888656 -1.61215021385054 15.86 294 0.093903376231815 0.115554391360705
"5138_b6" 1 113 "Trauben-Eiche" 2 -0.182736669108072 -1.38802280592333 16.32 270 0.0966391523881361 0.118920947083499
"5138_b6" 1 114 "Trauben-Eiche" 2 0.15691819145569 -1.99383466746626 21.63 310 0.128269409994395 0.157844096739487
"5138_b6" 1 115 "Trauben-Eiche" 2 0.721714648888204 -3.42478144785622 7.55 191 0.0445996441635114 0.0548828481256727
"5138_b6" 1 116 "Trauben-Eiche" 2 0.793714237110079 -3.3060577293521 17.77 263.5 0.105267303837464 0.129538465103658
"5138_b6" 1 117 "Trauben-Eiche" 2 0.992329138364102 -3.14726593746915 8.3 220 0.0490402077513433 0.0603472589198457
"5138_b6" 1 118 "Kiefer" 1 1.71741119474996 -2.08338637514684 4.69 155 0.0276831052215807 0.0340659143815781
"5138_b6" 1 119 "Kiefer" 1 1.57917718328055 -2.06547801339209 6.29 179.5 0.0371436208398731 0.0457077122391064
"5138_b6" 1 120 "Kiefer" 1 1.75653453980072 -1.91692107570632 4.19 150.5 0.0247284036696036 0.0304299563021968
"5138_b6" 1 121 "Kiefer" 1 1.48455268176509 -1.75673086585968 3.98666385771907 109 0.0235270412898425 0.0289515994617118
"5138_b6" 1 122 "Kiefer" 1 1.5522954708251 -1.83040399126965 3.41974798646628 122 0.0201782670548243 0.0248307085623617
"5138_b6" 1 6750 "Kiefer" 1 -7.16703490873478 9.37409252231794 9.68020546259053 200.106540720857 0.0572168482637147 0.0704091625030552
"5138_b6" 1 6751 "Kiefer" 1 -7.08535992737525 8.41413541010275 4.37824776388258 131.974964430935 0.025840740037929 0.0317987606752463
"5138_b6" 1 6752 "Kiefer" 1 -8.78662756335775 7.80113299866384 4.52598352516127 134.292715782033 0.0267137760327636 0.0328730899173606
"5138_b6" 1 6753 "Kiefer" 1 -9.48256701463411 7.43528229544602 6.60906932924743 163.799072557909 0.0390312180277354 0.0480305269549389
"5138_b6" 1 6754 "Trauben-Eiche" 2 -8.17419394953941 8.0890390823208 4.77788433041828 138.163237956066 0.0282025332772946 0.034705105380265
"5138_b6" 1 6755 "Trauben-Eiche" 2 -9.81779660910028 6.90006302451934 6.47403178950902 162.034735965681 0.0382323026602025 0.0470474081071556
"5138_b6" 1 6756 "Kiefer" 1 -9.62730223306188 6.99464450228043 10.3396437957406 207.145704344891 0.0611256958060232 0.0752192611043897
"5138_b6" 1 6757 "Trauben-Eiche" 2 -7.44311546231154 6.67832555471046 7.11054269400548 170.205696886611 0.0419985777517826 0.0516820617625273
"5138_b6" 1 6758 "Eberesche" 5 -9.13969797168444 4.96245110669993 3.6616192931048 120.162280952871 0.0216068737896878 0.0265887047959947
"5138_b6" 1 6759 "Trauben-Eiche" 2 -8.57395333128228 2.73629754832941 1.57212413727304 77.1154345811432 0.00927160939115127 0.0114093360976056
"5138_b6" 1 6760 "Kiefer" 1 -6.86684097796015 3.48374726170073 5.11571328972343 143.204858727162 0.0301994583003482 0.0371624553168879
"5138_b6" 1 6761 "Trauben-Eiche" 2 -6.86900994309123 3.90214074601543 11.4088465718804 218.119968484913 0.0674664480459884 0.0830219812541894
"5138_b6" 1 6762 "Kiefer" 1 -7.02340327885879 4.42287309138706 0.287961396593526 31.6540498872904 0.00169765159206567 0.00208907394319244
"5138_b6" 1 6763 "Trauben-Eiche" 2 -6.01660178253076 5.78990526610303 7.55062642487991 175.653111363821 0.0446033523052219 0.0548874112423105
"5138_b6" 1 6764 "Trauben-Eiche" 2 -5.82377782182605 5.18879676630401 1.41010785624112 72.8386646091884 0.00831574564985505 0.0102330817680852
"5138_b6" 1 6765 "Trauben-Eiche" 2 -4.89370780339502 5.5508219152654 5.52190919203725 149.061562472389 0.0326009960406005 0.0401177082911745
"5138_b6" 1 6766 "Trauben-Eiche" 2 -5.61736504184007 6.83869212545156 10.7497668399985 211.416211211628 0.0635574310323083 0.0782116741069859
"5138_b6" 1 6767 "Trauben-Eiche" 2 -5.27145866831838 7.41766294112984 7.16713760756205 170.915045663316 0.0423335172850983 0.0520942272827467
"5138_b6" 1 6768 "Trauben-Eiche" 2 -3.72730470770667 6.50824090026696 13.2106828402324 235.561309075769 0.0781603998801218 0.0961816049548686
"5138_b6" 1 6769 "Kiefer" 1 -3.35561665956942 7.26221982826327 25.482824232121 332.494700479133 0.151277138030494 0.186156646474024
"5138_b6" 1 6770 "Kiefer" 1 -5.98758162824561 3.42912033109013 9.63735863233443 199.641401041615 0.0569629209273537 0.0700966879150211
"5138_b6" 1 6771 "Trauben-Eiche" 2 -5.16623432921348 1.18322561485804 2.84816718595865 105.32464259571 0.0168029965848469 0.0206772122719497
"5138_b6" 1 6772 "Trauben-Eiche" 2 -5.24795310396186 0.146588603298741 10.6157702482424 210.029595550209 0.062762867196662 0.0772339101105277
"5138_b6" 1 6773 "Kiefer" 1 -6.95500298973611 0.792422496375346 11.8884777021172 222.883378678977 0.0703120405288779 0.0865236733191175
"5138_b6" 1 6774 "Trauben-Eiche" 2 -8.09876633076677 0.141364492141993 2.00464299450349 87.6018352357382 0.0118238030560259 0.0145499812736767
"5138_b6" 1 6775 "Trauben-Eiche" 2 -8.49625881101476 0.252163074723439 3.55195139738413 118.260625865144 0.0209590995406012 0.0257915752134805
"5138_b6" 1 6776 "Trauben-Eiche" 2 -7.96707518892776 -0.72506064158224 15.0193542569483 251.963685102424 0.0889055508361748 0.109404232602893
"5138_b6" 1 6777 "Kiefer" 1 -8.01718747035309 -1.15529436301465 4.25950254542249 130.084945290925 0.0251390735113136 0.0309353130371011
"5138_b6" 1 6778 "Kiefer" 1 -8.24845318665013 -1.58840172111509 4.82886384265651 138.934648796064 0.0285038520876673 0.0350758983499683
"5138_b6" 1 6779 "Kiefer" 1 -8.21036952345708 -2.19996188337143 4.01829220591295 126.166915682333 0.0237139008872768 0.0291815427067568
"5138_b6" 1 6780 "Kiefer" 1 -6.95054456701761 -2.23157572623067 11.3684240287873 217.714204160468 0.0672266602985409 0.0827269063769705
"5138_b6" 1 6781 "Trauben-Eiche" 2 -6.16064668180533 -1.05305862228127 4.93146329555898 140.475514410942 0.0291103006712111 0.0358221739342451
"5138_b6" 1 6782 "Kiefer" 1 -5.49797728520945 -1.50407638480263 1.41111604444787 72.865980021945 0.0083216934948802 0.0102404009896017
"5138_b6" 1 6783 "Kiefer" 1 -6.59421067865247 -0.276379314612713 6.21950872220056 158.661007987923 0.0367266428987948 0.0451945929655971
"5138_b6" 1 6784 "Kiefer" 1 -6.51653342794343 -2.94232766402653 1.9071365985964 85.3400342806655 0.0112483871972182 0.0138418935348538
"5138_b6" 1 6785 "Kiefer" 1 -6.62251427585499 -3.30186381701258 4.79573867576178 138.433849223751 0.0283080619646473 0.034834965495284
"5138_b6" 1 6786 "Kiefer" 1 -6.22264443219529 -2.98139166673368 4.83529138894834 139.031633619735 0.0285418432559689 0.0351226490261031
"5138_b6" 1 6787 "Kiefer" 1 -7.0165506758504 -3.40705394926808 5.75819001403642 152.374298382674 0.0339981979946519 0.0418370588394426
"5138_b6" 1 6788 "Kiefer" 1 -5.89708795268437 -2.85076370088875 4.82984473270405 138.949453347979 0.0285096498060001 0.0350830328305387
"5138_b6" 1 6789 "Trauben-Eiche" 2 -5.12206989844369 -4.00179958961678 4.44121098162897 132.967238797354 0.0262128088659376 0.0322566162784217
"5138_b6" 1 6790 "Trauben-Eiche" 2 -5.52196749937942 -5.22186508211362 10.6557736119585 210.444422855393 0.0630000702879509 0.0775258043952987
"5138_b6" 1 6791 "Trauben-Eiche" 2 -5.35852853376082 -5.52957249277655 7.37711632844188 173.523890485231 0.0435763026914066 0.0536235579307033
"5138_b6" 1 6792 "Kiefer" 1 -7.35270794347208 -5.36168685191541 6.52834796989413 162.746489154916 0.0385536434318912 0.0474428394407448
"5138_b6" 1 6793 "Trauben-Eiche" 2 -5.13640478027174 -4.14455618048563 15.266337763941 254.128883461545 0.090373683835489 0.111210868551248
"5138_b6" 1 6794 "Trauben-Eiche" 2 -6.65531868473445 -6.20618507656874 4.41248585750628 132.515377900165 0.0260430617584684 0.0320477310979738
"5138_b6" 1 6795 "Trauben-Eiche" 2 -8.13001763576971 -3.86041620062831 4.86470594016872 139.47468789692 0.0287157049674794 0.0353365975022997
"5138_b6" 1 6796 "Trauben-Eiche" 2 -8.93432115065065 -6.58694964130108 12.3777721845586 227.649522349257 0.0732157363905904 0.0900968654817556
"5138_b6" 1 6797 "Trauben-Eiche" 2 -8.63953753529038 -7.59001918155077 6.52939426448043 162.760171989212 0.038559833525342 0.0474504567651678
"5138_b6" 1 6798 "Trauben-Eiche" 2 -7.03394702810504 -7.10799473872993 5.97104921600075 155.303733842124 0.0352570562871781 0.0433861682499832
"5138_b6" 1 6799 "Trauben-Eiche" 2 -8.11932358592512 -8.76807188080937 5.57688924470494 149.838324187119 0.0329260939544148 0.0405177630396928
"5138_b6" 1 6800 "Trauben-Eiche" 2 -7.36958096043988 -8.3005588045337 3.22048963779505 112.336504402724 0.0190014957889907 0.0233826127339595
"5138_b6" 1 6801 "Trauben-Eiche" 2 -6.69246248697895 -7.56445277996892 13.7177244946508 240.261830465727 0.081171613271525 0.0998871046361774
"5138_b6" 1 6802 "Trauben-Eiche" 2 -6.88283614440425 -6.83495183664687 7.87597041573015 179.583791557201 0.0465294089277674 0.057257552867411
"5138_b6" 1 6803 "Trauben-Eiche" 2 -6.91431132576696 -7.08535806366698 7.93237223774465 180.2573095387 0.0468633462717996 0.0576684851266196
"5138_b6" 1 6804 "Kiefer" 1 -6.96359396171796 -6.60820392666004 5.44010328541134 147.898965361162 0.0321172946506152 0.0395224813465958
"5138_b6" 1 6805 "Trauben-Eiche" 2 -5.66406236924833 -8.24126188622016 3.25370989022505 112.942921505457 0.0191976775263351 0.0236240274962888
"5138_b6" 1 6806 "Trauben-Eiche" 2 -4.8388050730269 -8.11717102599478 14.8842727060001 250.772320745273 0.0881026756523493 0.108416240936049
"5138_b6" 1 6807 "Trauben-Eiche" 2 -4.81041197299063 -6.94711714670973 4.43990368132368 132.946704525969 0.0262050834990832 0.0322471096972878
"5138_b6" 1 6808 "Trauben-Eiche" 2 -4.33893756480917 -7.42520173521824 11.6459968915228 220.486859859354 0.0688733380869951 0.0847532536420814
"5138_b6" 1 6809 "Trauben-Eiche" 2 -4.39608261259965 -7.73850487259645 1.27335005559805 69.0430098659013 0.00750896843116158 0.00924028838609157
"5138_b6" 1 6810 "Trauben-Eiche" 2 -4.47086756526059 -8.26869658494619 5.40301066562846 147.369080559393 0.0318979808496008 0.0392526010312102
"5138_b6" 1 6811 "Kiefer" 1 -4.34337320939311 -8.56125628421005 2.73590216463301 103.125924973511 0.0161401797712027 0.0198615718066354
"5138_b6" 1 6812 "Kiefer" 1 -4.60199784783852 -8.87815385136401 10.7880439682884 211.810797323618 0.0637844148690786 0.0784909929148844
"5138_b6" 1 6813 "Trauben-Eiche" 2 -3.04102759773478 -6.58138671936359 16.8134229766728 267.328972735475 0.0995744722905467 0.122533054745471
"5138_b6" 1 6814 "Trauben-Eiche" 2 -2.81326412512277 -6.62763494485757 18.2498155873786 279.076395142252 0.108123929765045 0.133053734560977
"5138_b6" 1 6815 "Trauben-Eiche" 2 -4.67196642362525 -4.87188153966394 7.13369952142938 170.496262968777 0.0421356230290419 0.0518507051514877
"5138_b6" 1 6816 "Trauben-Eiche" 2 -2.30577193595882 -5.53926130267789 7.01633388530745 169.018923790559 0.0414410551174558 0.0509959928343941
"5138_b6" 1 6817 "Trauben-Eiche" 2 -1.71032560690084 -6.16723490053519 6.92522535233717 167.863978384986 0.0409019072372104 0.0503325352713628
"5138_b6" 1 6818 "Trauben-Eiche" 2 0.953462544509832 -5.82244872680016 11.155261508685 215.563023169414 0.0659622617966688 0.0811709793679081
"5138_b6" 1 6819 "Trauben-Eiche" 2 0.952841203206376 -7.23754748802882 3.16256337515551 111.271934489245 0.0186594216493474 0.0229616676029864
"5138_b6" 1 6820 "Trauben-Eiche" 2 2.84823956042296 -6.77569416417548 6.48234100134492 162.143802370608 0.0382814602908954 0.0471078998628666
"5138_b6" 1 6821 "Kiefer" 1 3.79408172757608 -6.11922738950542 8.28826320692808 184.455683870433 0.0489707030089006 0.0602617286808709
"5138_b6" 1 6822 "Kiefer" 1 4.17867073801077 -9.08508177526722 16.1584777734645 261.814473150689 0.0956784463795565 0.117738734019892
"5138_b6" 1 6823 "Kiefer" 1 3.76286347022565 -9.80259447822062 6.12955888358524 157.453066440579 0.0361945849856709 0.044539860081788
"5138_b6" 1 6824 "Kiefer" 1 6.35173339251358 -9.70646603612395 4.54183572934718 134.539262002949 0.0268074579450156 0.0329883717824669
"5138_b6" 1 6825 "Eberesche" 5 6.11108366445795 -9.74190209589458 4.48071584037046 133.586407278494 0.0264462616975657 0.0325438956175971
"5138_b6" 1 6826 "Trauben-Eiche" 2 6.42405608713171 -9.17450289603671 7.76262228352237 178.223282512159 0.0458583418248221 0.0564317598687481
"5138_b6" 1 6827 "Trauben-Eiche" 2 8.51163057832542 -9.82609509917931 6.38485314415896 160.859963328004 0.0377047323703689 0.0463981975442551
"5138_b6" 1 6828 "Trauben-Eiche" 2 8.71377301938543 -7.95676817348794 10.2579454711758 206.285440053213 0.0606413488138265 0.0746232397030664
"5138_b6" 1 6829 "Trauben-Eiche" 2 7.7486389173809 -7.37892911797166 3.15083060821225 111.055183717468 0.0185901370296804 0.0228764082398244
"5138_b6" 1 6830 "Kiefer" 1 8.56067463378623 -6.90759363414272 11.3931019336911 217.962004090289 0.0673730497437325 0.0829070483901712
"5138_b6" 1 6831 "Kiefer" 1 8.37390727832083 -6.66090661202253 5.94336495958456 154.92557534651 0.0350933220811273 0.0431846823472994
"5138_b6" 1 6832 "Kiefer" 1 8.59661007873622 -6.45451742225326 0.32919767436599 33.9563092862656 0.00194077861543576 0.00238825802300141
"5138_b6" 1 6833 "Kiefer" 1 8.46609180275214 -6.54333932998839 24.0090482229271 322.264072463527 0.142470550954823 0.175319551469238
"5138_b6" 1 6834 "Kiefer" 1 8.72629074609873 -6.36332065941609 9.07502169324212 193.443016822328 0.0536308429406564 0.0659963428670572
"5138_b6" 1 6835 "Kiefer" 1 7.98890709022364 -5.84699610943726 2.35555839944685 95.3378142088543 0.013894921252223 0.0170986308771459
"5138_b6" 1 6836 "Trauben-Eiche" 2 7.12101179670741 -5.50374336167248 6.54592231348722 162.976178117181 0.0386576173274166 0.0475707862803257
"5138_b6" 1 6837 "Kiefer" 1 8.25603349067005 -5.27995369306726 12.1000292366778 224.955298859818 0.0715673878268473 0.088068462215792
"5138_b6" 1 6838 "Kiefer" 1 6.0285071384131 -5.25900196635276 0.87140984390754 56.5854008304326 0.0051381494201465 0.00632283686477536
"5138_b6" 1 6839 "Kiefer" 1 5.97013716381362 -6.86785718002723 8.71540188229474 189.382961968488 0.0515004872621661 0.0633747975756285
"5138_b6" 1 6840 "Kiefer" 1 5.51041359185969 -6.7324098246206 16.8373071011999 267.528123946053 0.0997165764799582 0.122707923464533
"5138_b6" 1 6841 "Kiefer" 1 5.52734039005559 -5.64433416909915 7.39446177379356 173.7378077756 0.0436789703060541 0.0537498973042074
"5138_b6" 1 6842 "Kiefer" 1 7.39406642898571 -4.58451542082109 6.66869264939075 164.57262437312 0.0393839831820231 0.048464628095204
"5138_b6" 1 6843 "Trauben-Eiche" 2 7.67834998933806 -3.64594863392674 4.3871421234731 132.115545437221 0.0258932987343709 0.0318634376700656
"5138_b6" 1 6844 "Kiefer" 1 9.71470204305071 -3.98428967505455 1.35516243468203 71.3356830647762 0.00799159803192005 0.00983419642226941
"5138_b6" 1 6845 "Kiefer" 1 8.99790709912216 -3.34629165428943 9.57483096415266 198.960840889188 0.0565923678552495 0.0696406975509671
"5138_b6" 1 6846 "Kiefer" 1 9.11455034486114 -3.46229288347934 20.895188216742 299.61484747782 0.123886857903201 0.152451072975845
"5138_b6" 1 6847 "Kiefer" 1 8.93484787730117 -2.92035843852888 2.45925588981272 97.5170198346257 0.0145070251692266 0.0178518657278742
"5138_b6" 1 6848 "Kiefer" 1 8.71618470309236 -2.61498073063238 12.4451885393299 228.299141331558 0.0736158767906269 0.0905892650337259
"5138_b6" 1 6849 "Kiefer" 1 8.14574188295363 -2.42835112294227 4.97066617318267 141.060243707017 0.0293420315193836 0.0361073342574902
"5138_b6" 1 6850 "Kiefer" 1 8.37541819391036 -2.35422387999001 4.47772860206341 133.539678559366 0.026428608520709 0.0325221722015804
"5138_b6" 1 6851 "Kiefer" 1 8.96420459602416 -2.06954969996356 8.35023234998081 185.177895717773 0.0493376864588078 0.0607133263858223
"5138_b6" 1 6852 "Kiefer" 1 8.68101676612018 -2.37485744968836 7.3083065207703 172.672910117433 0.0431690273951604 0.0531223784112598
"5138_b6" 1 6853 "Kiefer" 1 8.40747189009556 -2.23705530044586 5.15557934282582 143.789222060839 0.0304351331853188 0.0374524690414696
"5138_b6" 1 6854 "Kiefer" 1 8.06269024202443 -1.49433130903561 5.20469969111122 144.506290363568 0.0307255235111672 0.0378098137792947
"5138_b6" 1 6855 "Kiefer" 1 7.95652673090238 -1.51778864814437 7.64910617185238 176.851258587445 0.0451863221449076 0.055604794660349
"5138_b6" 1 6856 "Kiefer" 1 7.48453892289278 -1.31972615026867 5.29391592230056 145.800506824167 0.0312529733035083 0.0384588760619632
"5138_b6" 1 6857 "Kiefer" 1 7.54808804458726 -1.52196152091927 5.37782156814956 147.008256437189 0.0317490503615783 0.0390693320946811
"5138_b6" 1 6858 "Kiefer" 1 7.52893092304127 -1.61406293435943 10.2395122597842 206.090892792297 0.0605320708693555 0.0744887658761475
"5138_b6" 1 6859 "Kiefer" 1 -1.48829179661714 -6.9422609809861 4.98033803518002 141.204166541207 0.0293992033162638 0.0361776879812497
"5138_b6" 1 6860 "Kiefer" 1 7.24885684703515 -1.48797661648014 30.0073601930734 362.260623521891 0.178357808815042 0.219481224947356
"5138_b6" 1 6861 "Kiefer" 1 6.70825802125593 -1.99981857183481 8.68186695855612 189.000332079875 0.0513018508320481 0.0631303621494977
"5138_b6" 1 6862 "Kiefer" 1 7.03090328806515 -0.988129016816464 9.78266109016179 201.214833517983 0.0578240652503288 0.0711563836587552
"5138_b6" 1 6863 "Kiefer" 1 6.7354643500205 -0.934622913052597 9.34023003239289 196.38837685632 0.0552021832861348 0.0679299823646833
"5138_b6" 1 6864 "Kiefer" 1 6.58992885444969 -1.20947827317875 5.23240143809696 144.90926728847 0.0308892945309706 0.0380113449837658
"5138_b6" 1 6865 "Kiefer" 1 6.62598348827173 -1.28796071879168 6.3308697207966 160.145033607908 0.0373853854229861 0.0460052197449627
"5138_b6" 1 6866 "Kiefer" 1 6.34229247817495 -0.857511586677069 1.79986411936364 82.7872041487025 0.0106153743804399 0.0130629288830848
"5138_b6" 1 6867 "Kiefer" 1 6.31826035991577 -1.29695259139147 1.19649098994196 66.8244382149906 0.007055579395006 0.00868236282233719
"5138_b6" 1 6868 "Kiefer" 1 5.87836120132787 -0.920526798481835 3.05647141529074 109.297847268951 0.0180329411362936 0.0221907413882935
"5138_b6" 1 6869 "Trauben-Eiche" 2 6.17545460554677 -0.551144640571937 2.52367466063213 98.8488271351431 0.0148872929104031 0.0183198106426267
"5138_b6" 1 6870 "Kiefer" 1 6.22834478577337 -1.47231831800387 1.01599295574718 61.3308120394294 0.00599090321126683 0.00737220749730922
"5138_b6" 1 6871 "Kiefer" 1 6.74541317246036 -1.8706686325478 12.3495270531573 227.37685450548 0.0730480957396879 0.0898905724371421
"5138_b6" 1 6872 "Kiefer" 1 6.17126560467238 -2.04095096378813 4.89741389244565 139.965855955443 0.0289090364186989 0.0355745047967233
"5138_b6" 1 6873 "Kiefer" 1 5.46355021080218 -0.632154327710766 1.10864184974611 64.2039055283521 0.006537383838559 0.00804468849651495
"5138_b6" 1 6874 "Kiefer" 1 7.54653786160968 -0.899870159129406 6.6806461437497 164.727312562781 0.0394547081824089 0.0485516599432752
"5138_b6" 1 6875 "Kiefer" 1 7.43920831942522 -0.952984564510129 8.17456456468542 183.12388845334 0.0482974081607958 0.0594331942926399
"5138_b6" 1 6876 "Kiefer" 1 7.96181919985465 -0.780663198073195 5.36653706498195 146.846349720981 0.0316823314295001 0.0389872299818721
"5138_b6" 1 6877 "Kiefer" 1 7.6751973641131 -0.617531717332212 2.60794234287238 100.56683311122 0.0153847503272603 0.0189319652992483
"5138_b6" 1 6878 "Kiefer" 1 7.83596609646123 -1.00381040795067 7.64401342874449 176.789478533531 0.0451561738963351 0.0555676952220307
"5138_b6" 1 6879 "Kiefer" 1 9.9090497662289 0.901794172967912 7.67246370213635 177.134358551516 0.0453245961799988 0.0557749501180878
"5138_b6" 1 6880 "Trauben-Eiche" 2 9.59472207304087 0.318289712529854 10.9332009583902 213.301158559955 0.0646452409404924 0.079550297028765
"5138_b6" 1 6881 "Kiefer" 1 9.3710229370914 0.737515499841743 7.70612172281391 177.541583818644 0.0455238511207604 0.0560201466629754
"5138_b6" 1 6882 "Kiefer" 1 7.96044455968981 0.794557997949113 8.58077353306084 187.842594973908 0.050703069269598 0.06239352134799
"5138_b6" 1 6883 "Kiefer" 1 7.93059289259097 0.791578405456804 2.14506365564996 90.7691284487061 0.0126525238658565 0.0155697777137058
"5138_b6" 1 6884 "Trauben-Eiche" 2 7.83126944769612 2.0691106392799 7.10105799169856 170.086555372367 0.0419424464881673 0.0516129884846149
"5138_b6" 1 6885 "Trauben-Eiche" 2 7.47127709232517 1.86279859611744 8.98967691344842 192.486512596023 0.053125229966623 0.0653741522513091
"5138_b6" 1 6886 "Trauben-Eiche" 2 6.81783177095336 1.58655915205798 2.90309535490302 106.385393093751 0.0171273094663721 0.0210763009856778
"5138_b6" 1 6887 "Kiefer" 1 5.27350854177506 1.56208439587158 4.87595769224261 139.643829599132 0.0287822118732676 0.0354184387025636
"5138_b6" 1 6888 "Trauben-Eiche" 2 6.02149599322948 1.85245404896351 2.93370577117855 106.972390274681 0.0173080470854314 0.0212987107264609
"5138_b6" 1 6889 "Trauben-Eiche" 2 5.26671285870131 3.07761850527162 0.758986057313101 52.6301003081072 0.00447511895092049 0.00550693348196326
"5138_b6" 1 6890 "Trauben-Eiche" 2 4.78308397911143 4.83343642233635 3.78498745605015 122.269419962455 0.022335618077094 0.0274854734316711
"5138_b6" 1 6891 "Trauben-Eiche" 2 5.22269547128847 4.95615294499503 3.52387879742463 117.769373797303 0.0207932896944023 0.0255875350966287
"5138_b6" 1 6892 "Trauben-Eiche" 2 6.93720109935664 4.55688938938449 2.72019117891251 102.814828485044 0.0160474248074972 0.0197474306137755
"5138_b6" 1 6893 "Trauben-Eiche" 2 7.66734003296543 4.11119165436077 14.8450505024998 250.425434910395 0.0878695643946201 0.108129381926424
"5138_b6" 1 6894 "Trauben-Eiche" 2 8.52452599282106 4.6284399745182 5.26790767523831 145.424295843213 0.0310992088693344 0.0382696586310583
"5138_b6" 1 6895 "Trauben-Eiche" 2 9.39094252094709 3.43659694585616 8.3008062488359 184.602071892807 0.049044982335899 0.0603531343658038
"5138_b6" 1 6896 "Kiefer" 1 9.64236207606261 2.24384794362486 6.3545797054134 160.459392387105 0.0375256441848304 0.0461778175418503
"5138_b6" 1 6897 "Kiefer" 1 9.38039957744229 4.71784948546692 3.1748555679152 111.498610418974 0.0187320102847322 0.0230509927786957
"5138_b6" 1 6898 "Kiefer" 1 9.3357310080259 4.69538353553612 1.85731820809543 84.1632027982596 0.0109544051820553 0.0134801289828607
"5138_b6" 1 6899 "Kiefer" 1 8.83765630088693 4.67929814260573 9.59626725680834 199.194393940711 0.0567194027288319 0.0697970224679985
"5138_b6" 1 6900 "Trauben-Eiche" 2 9.77170722800408 5.87143405397462 7.94385054668062 180.394097762554 0.046931306976149 0.057752115323346
"5138_b6" 1 6901 "Trauben-Eiche" 2 8.98859388168641 6.34075547786773 6.501781141335 162.398713577387 0.0383964698175818 0.0472494267854357
"5138_b6" 1 6902 "Trauben-Eiche" 2 8.77562507184936 6.12196084586702 3.14541878517699 110.955076569679 0.0185581791522182 0.0228370819320013
"5138_b6" 1 6903 "Trauben-Eiche" 2 8.3769213829041 7.12931891169444 14.5197607115712 247.53157007915 0.0859364465821785 0.105750551034404
"5138_b6" 1 6904 "Trauben-Eiche" 2 8.0701724508197 7.7661004766891 20.7514146854854 298.53157323761 0.123029571889892 0.151396125140472
"5138_b6" 1 6905 "Trauben-Eiche" 2 7.7658242691132 7.14104148015207 8.38301971881572 185.558981461808 0.0495318594714075 0.0609522692778675
"5138_b6" 1 6906 "Trauben-Eiche" 2 8.07230605988941 6.87007095126919 4.95673541569613 140.852711893032 0.0292596853010616 0.0360060017226987
"5138_b6" 1 6907 "Trauben-Eiche" 2 9.40432148791008 7.45377336333972 4.58589468492903 135.222362033618 0.0270678378449481 0.0333087866819801
"5138_b6" 1 6908 "Trauben-Eiche" 2 8.83295346248722 8.55972739808547 1.80767369842361 82.9754538199469 0.0106614572901119 0.0131196369887246
"5138_b6" 1 6909 "Trauben-Eiche" 2 7.85401984873515 8.94004318869178 9.10824966249816 193.814263025285 0.0538277037196486 0.0662385932355965
"5138_b6" 1 6910 "Kiefer" 1 7.44626997904226 8.56595373552846 0.706635262848128 50.6933893934685 0.00416638897563258 0.0051270205776484
"5138_b6" 1 6911 "Trauben-Eiche" 2 6.2878307945687 8.28391114745164 14.0819199999334 243.587304931454 0.0833350101455987 0.102549309330906
"5138_b6" 1 6912 "Trauben-Eiche" 2 8.11591817570365 4.74255966386118 2.16423639476885 91.1938387697169 0.0127656806287396 0.0157090246863709
"5138_b6" 1 6913 "Kiefer" 1 8.40445945920017 4.63951087924802 12.6961976142273 230.703260110388 0.0751058363897205 0.0924227600744184
"5138_b6" 1 6914 "Trauben-Eiche" 2 8.39619864534413 5.43174449950671 8.33406705260978 184.989745566001 0.0492419537923114 0.0605955209303185
"5138_b6" 1 6915 "Trauben-Eiche" 2 8.6506061901616 5.68238616628066 10.0182810645041 203.742856729609 0.0592206282528454 0.0728749479343814
"5138_b6" 1 6916 "Trauben-Eiche" 2 8.74310646716155 5.25338836408255 6.84789650645614 166.878032754798 0.0404443238491543 0.0497694482767796
"5138_b6" 1 6917 "Kiefer" 1 4.34816207776378 9.11611137193359 11.30614034316 217.087651134791 0.0668572020080793 0.0822722632150243
"5138_b6" 1 6918 "Kiefer" 1 4.07399215019058 9.02289243869091 3.82324692484837 122.916239412487 0.0225616294787616 0.0277635955930704
"5138_b6" 1 6919 "Kiefer" 1 3.74606593415912 9.27183854566787 6.83453124466093 166.70708973199 0.040365238624364 0.0496721286128549
"5138_b6" 1 6920 "Kiefer" 1 3.27065280506499 9.18506016467614 7.27482583983679 172.257472549382 0.0429708656647643 0.0528785271349184
"5138_b6" 1 6921 "Trauben-Eiche" 2 1.82711258839517 7.2740401146356 4.17798750345237 128.77296889002 0.0246574269993585 0.0303426147575144
"5138_b6" 1 6922 "Trauben-Eiche" 2 1.85889282240766 6.74866782963877 0.345678730594542 34.8377736722694 0.00203795164426923 0.00250783594079435
"5138_b6" 1 6923 "Kiefer" 1 1.64177852899765 5.14437199876937 10.4300775597537 208.094191161702 0.0616618560329306 0.0758790421599628
"5138_b6" 1 6924 "Trauben-Eiche" 2 1.39719201533141 4.90488067870098 8.94949376227791 192.034664227967 0.0528871788320337 0.0650812143924797
"5138_b6" 1 6925 "Kiefer" 1 0.296975264740942 7.3940385238469 5.74998637312027 152.260375800627 0.0339496842692063 0.0417773594522483
"5138_b6" 1 6926 "Trauben-Eiche" 2 1.0716328773925 7.62506412931009 11.418272590336 218.214489202067 0.0675223642374139 0.0830907898713731
"5138_b6" 1 6927 "Kiefer" 1 -0.213596957412799 7.19683099285957 1.94135215093682 86.1398410698269 0.0114503003892518 0.0140903612359036
"5138_b6" 1 6928 "Trauben-Eiche" 2 -0.407496986450098 7.28861757852846 6.00230149893056 155.729630307384 0.0354418960271002 0.0436136259251284
"5138_b6" 1 6929 "Trauben-Eiche" 2 -0.0439820961839238 8.39988485487839 8.49623214694946 186.869426260527 0.0502023518405636 0.0617773550281238
"5138_b6" 1 6930 "Kiefer" 1 -0.122169077967523 8.74914708508141 3.56922582557372 118.562000013055 0.021061131632025 0.025917132533109
"5138_b6" 1 6931 "Trauben-Eiche" 2 0.107509607350175 8.79934325301198 2.82077734729436 104.792067801737 0.0166412821852729 0.0204782118763633
"5138_b6" 1 6932 "Kiefer" 1 1.49748212044747 9.78608947940597 5.099474235465 142.966203654575 0.0301034598804238 0.0370443228339986
"5138_b6" 1 6933 "Trauben-Eiche" 2 1.27286876147377 9.41434039729094 4.29656700995865 130.677544149755 0.025358082824776 0.0312048186601683
"5138_b6" 1 6934 "Kiefer" 1 -1.7172809583889 8.83464465102898 11.8075491608582 222.086140727178 0.0698318489156428 0.0859327653898124
"5138_b6" 1 6935 "Kiefer" 1 -0.208403606914119 0.77237810470338 5.31188883176111 146.059972940596 0.0313592329726103 0.0385896356989645
"5138_b6" 1 6936 "Trauben-Eiche" 2 -0.838626416768915 6.5465033210942 1.38644928927234 72.1949826830255 0.00817617197605417 0.0100613270179022
"5138_b6" 1 6937 "Trauben-Eiche" 2 -1.01093627739001 5.91422081453312 8.70033681396023 189.211157898324 0.0514112523317585 0.0632649880194108
"5138_b6" 1 6938 "Trauben-Eiche" 2 -0.831382175997541 5.13310857837954 12.3947134449895 227.812924984974 0.073316287494063 0.0902206003465569
"5138_b6" 1 6939 "Kiefer" 1 -0.615440184195993 5.01235806578868 5.94845997463634 154.995234472508 0.0351234555636388 0.043221763614991
"5138_b6" 1 6940 "Kiefer" 1 -0.412382997544802 5.48451823438814 8.88685445602118 191.328374599057 0.0525161044860628 0.0646245825660331
"5138_b6" 1 6941 "Trauben-Eiche" 2 -3.86063071399132 9.0075263247013 2.2288801167727 92.6127911628541 0.0131472141912999 0.0161785272790838
"5138_b6" 1 6942 "Trauben-Eiche" 2 -4.27357863387193 9.04082549660778 7.45368720524317 174.466429199736 0.044029532757636 0.0541812878713203
"5138_b6" 1 6943 "Eberesche" 5 -7.92787959064113 5.05061631846015 3.68419632669039 120.550392982042 0.0217402341865634 0.0267528136929372
"5138_b6" 1 6944 "Kiefer" 1 -8.23087064777965 1.06900345159377 10.6211323800919 210.085242919762 0.0627946620767437 0.0772730358391613
"5138_b6" 1 6945 "Kiefer" 1 7.8242860546573 -1.89289401047585 7.26096571738614 172.085226347405 0.0428888329819285 0.052777580426534
"5138_b6" 1 6946 "Kiefer" 1 7.48092822398188 -1.82365372470526 8.88520635216179 191.309759500657 0.0525063413151011 0.0646125683305125
"5138_b6" 1 6947 "Kiefer" 1 7.24444369716801 -1.94114283826891 28.6915356100068 353.838449523809 0.170475339614217 0.209781318858014
